Initial Position:
[[[ 0.70710678  0.70710678  0.        ]
  [-0.70710678  0.70710678  0.        ]
  [-0.70710678 -0.70710678  0.        ]
  [-0.203      -0.02199     0.24133   ]]

 [[ 0.70710678  0.70710678  0.        ]
  [ 0.70710678 -0.70710678  0.        ]
  [-0.70710678  0.70710678  0.        ]
  [-0.70710678 -0.70710678  0.        ]]

 [[ 0.          1.          0.        ]
  [-0.8660254  -0.5         0.        ]
  [-0.70710678  0.70710678  0.        ]
  [ 0.          0.          1.        ]]

 [[ 0.70710678  0.70710678  0.        ]
  [-0.70710678  0.70710678  0.        ]
  [-0.70710678 -0.70710678  0.        ]
  [ 0.35355339 -0.35355339  0.8660254 ]]

 [[ 0.5         0.8660254   0.        ]
  [-0.5         0.8660254   0.        ]
  [-0.70710678 -0.70710678  0.        ]
  [ 0.4330127  -0.25        0.8660254 ]]

 [[-0.36268539 -0.47297163 -0.23418507]
  [ 0.86186511  0.16530619  0.28758431]
  [ 0.22206284  0.21997007 -0.1301347 ]
  [-0.04290313  0.98427498 -0.15466009]]]

Iterations: 100
quantity: 10
wmax: 0.9
wmin: 0.4
c1: 2
c2: 2
wdamp: 0.99
sampleRate: 16000

