Initial Position:
[[[ 0.70710678  0.70710678  0.        ]
  [-0.70710678  0.70710678  0.        ]
  [-0.70710678 -0.70710678  0.        ]
  [-0.203      -0.02199     0.24133   ]]

 [[ 0.70710678  0.70710678  0.        ]
  [ 0.70710678 -0.70710678  0.        ]
  [-0.70710678  0.70710678  0.        ]
  [-0.70710678 -0.70710678  0.        ]]

 [[ 0.          1.          0.        ]
  [-0.8660254  -0.5         0.        ]
  [-0.70710678  0.70710678  0.        ]
  [ 0.          0.          1.        ]]

 [[ 0.70710678  0.70710678  0.        ]
  [-0.70710678  0.70710678  0.        ]
  [-0.70710678 -0.70710678  0.        ]
  [ 0.35355339 -0.35355339  0.8660254 ]]

 [[ 0.5         0.8660254   0.        ]
  [-0.5         0.8660254   0.        ]
  [-0.70710678 -0.70710678  0.        ]
  [ 0.4330127  -0.25        0.8660254 ]]

 [[-0.36268539 -0.47297163 -0.23418507]
  [ 0.86186511  0.16530619  0.28758431]
  [ 0.22206284  0.21997007 -0.1301347 ]
  [-0.04290313  0.98427498 -0.15466009]]]

Iterations: 2
quantity: 2
wmax: 0.9
wmin: 0.4
c1: 2
c2: 2
sampleRate: 8000

Iteration: 0, Best Cost: [[88.94621972]]
Iteration: 1, Best Cost: [[88.94621972]]

Best Score: [[88.94621972]]
Best Geometry:
[[ 0.70710678  0.70710678  0.        ]
 [-0.70710678  0.70710678  0.        ]
 [-0.70710678 -0.70710678  0.        ]
 [-0.203      -0.02199     0.24133   ]]

Best Scores per Iteration: [88.94621972111396, 88.94621972111396]
Time 23.393913745880127 s
